分类名称,水生根茎类,花叶类,花菜类,茄类,辣椒类,食用菌
水生根茎类,1.0,0.5612868635599202,0.5425069320142457,0.07442251937376364,0.6143644591373898,0.6701890826453034
花叶类,0.5612868635599202,1.0,0.6276704747059099,0.2578792853536876,0.6597902644666259,0.6310753112438477
花菜类,0.5425069320142457,0.6276704747059099,1.0,0.31187318935311736,0.5512879543683827,0.5230757012429531
茄类,0.07442251937376364,0.2578792853536876,0.31187318935311736,1.0,0.27367256907709164,0.11980750933084693
辣椒类,0.6143644591373898,0.6597902644666259,0.5512879543683827,0.27367256907709164,1.0,0.6874846141198209
食用菌,0.6701890826453034,0.6310753112438477,0.5230757012429531,0.11980750933084693,0.6874846141198209,1.0
